365351652875151652842252541451562365662652925570154575262569252260556567138574153248151152
222265560252569253148268573153141268574110152138577252573158134563564574251262560574147575
842252365662465575475375241165965831065151452162465252151831552072765451165762465862562931
155560261141138556577138147544149570569138248265153563156556574146560134575136248261267141
556155138561256561153141567252574266560573574263142151142153146252248575573268567138139142
162265465251141762252941252252562052365575165152142568556562560230261560267141564147140563
842062475065541431552875955252475475252765531575842141351831562831072065452431062465641241
272574560134152258256147137237560573272556248557576147559134569267567158576261559252265153
255252265252248146556158137256577564559252142267564153139259158254265252248267267563248267
578252151138574560556563252248155138147114148155560137570561120564579153141266556142251156
375252141762065375272831141762662151065762431252574248156260262151261142569254559564577256
137138260570269138559138577560573158139138568556259138561145580559148260564261142262569567
256561560575578262562265560134153142574254148559559560560149153255556575223134251117259248
558138158262268567567556135570577252254151138134153560151562148262559255142568270248574260
952451841085351162662065841955065562085065552351865841151352151431252941941431955831962262
262755655655362831065955955262265965842641765155138578560265252267141252156256569254138251
146262269564569140556557262155252134263149252248573559570560266569575580560556265266148569
560267563134153570569138266263564265564267227142254563153266146134259138240256252145137256
041241541265965241562252365575842452731655552851375252732831775652265475562655762245452741
255575152116154573140248575255252573256261254567564144138569252266266151138571567252261142
841085562831551252775652265152075075041141662577560265255564260139145272262269252151267570
140560153255138573137570568142147256570261557138556266153248135148577252152142157153255146
862841042731965842831052655352065065151575831552121955252551262062741252962431831552741842
250151252248267154151138562134575563252265560559578563148266560270560265138267141560142151
253148151153255563256152253573570146575563252574141556567567542563560251221570573575141580
942065755251375065351655651152241655475451075252134573256261140574571564151256575580148154
652362831065375052251741041465662575741262072162075465741241641262955575655065375041541765
261140267255142261562574252558570147559529256259145561573148568575262561256259259140262262
137556253267560151139556558138259256561252135138575255252272265252558573252248153252251266
134272564147562557259560266266252137564266141248251546141248145138266556149263560248265146
241741741652041252531075475452162652965562841147140255556137562248575141252151564569140221
573570146557573564147140563256574260148577252559158142138567137142569254145564139252556135
262577560270141564136141543570254138153255560151158262268139560260134259252266141560559270
248574228556259560260556258252142153141248559536248137252124556153252573266255564568149145
085765175241575952451641251965075475842065021065765862562252741262552762151431252252052655
065552351141475652925251431875575655065562041272151560253151576564575253576145142267574138
567253260556567138234248578154266267151560138251148147575527262147153561256253153255561262
578145562573248152152260570269142261562259256254563153158252134573574558134147267139573262
955465842662562652655265741652272842475575552452451262375755831855842165375831955741451641
253148576573153141156256153255570268267138155138265272248135570155560260570265147564569254
152152065955241962465731741875032831765675375248158136573560248575138559152141556259567156
560151138105564269256559560251556145259156134267560265152266255560559248259574262136573252
065152431865351252475955252731241775465731831962652452762862262552351465072552575065362252
262270261559556272266563138251142575574138259561575141138256573250151252134575560251559573
272218265560134153138559253573268564267139154259136556147575568256137574153140564269252561
151075251541612575965431812075251365351151841576145252562151248574574146148151261142569254
252151265065375862762655252375855575552452451262562755762251655065942351552265652541931262
560261154147559252265557259252574266252251578134574260134258138260576259575256571567272558
134147153135573142569254561256253267563253265576564267139576145259248147137562151134266574
139256151568248568560261267259142562563153138155252147564261562557138575255252272151560253
675762655252562855841651575262762351241451151265138578563134145560266567256155142261140152
564254261574578248152156256569254560137152263564151256153116578261556557570269560580252248
265266580564560259559142261254267563560272265560139570573260137556265258147138152152564152
153255138265138575156148134557268569137134147153567580251570569153532562248267141138151256
841931552575151842252762065251765541675841851662251065162065852652952141351562655065452741
241451375165251741262475431252475365762375451267141252556269252569557259252574152138559574
252248153570254560575255560151578142267255570576153270556574138577138573158567560153254248
267563138151564569562219262146142261256262147250248259145252251105256269142137138251139570
652362251251251831965665151842731862262851841475475655252251251762552265465541141762151862
573142153578255560151560564147564266556580564261254563256146248580570576151252135252556266
531451662762552265675075375755955252831021762137576138575265138252136134567145138137135573
262268140255153575573138560158148268265560568148269138251250248153267145252109256568563564
175831252375631552052465141651162841941675452162241151431831942831541842062152465431251251
560575563563560134577138147574560252559142574102567145253252260556567560158570268145567268
571570569153141138564573562134267563138573560559263145556250560562573138248267560573253145
655062841245065375851252141351762741842401085147556557154261251134261153145158152141138559
831141731541075552065755141351562431252151065475662831541731655552731075041351652862375931
580148154151138546570569575268261251252151152252556152141560137566142569251114570151569564
569562557151564147140146134144560578262569575266268135137154138255138556155252147136573252
138571252575141223556251260570151261564261562250556569575564134249148577252148149138147139
431831562052351162841501252441655641541651075153576265138251265272535142155142261254568252
134575263145556136560575570562252153255560265574570146134251252254134153255252265560137249
560556151256569562577262142251561564265152153146248158140573560134153137142269142559252561
265576142153254248153563252265252251575255564569254265560149145252147142152563561151148568
141575562431831575662842831531375065351431831562041452741241375942552762151262165575065251
952655401762965475465562652831552575272655641567138137234571564151142267152138134574135252
134265564147254136556147267262577560265559134573144569138152152557252556574153561148151260
575262570261560153141556267141134559248139153560573270560573252254570148251254573560252569
741842865965241831562831552072252451731942862662152965075855831475955965465441851562831551
530151138248267135252562256261147564569254235141256265559577138151272107151262146270563556
365762065962075641552762151862262165251252541234252560559561138260134259560256152147267140
151252560261134256151137148146142261256262261153148570268151575563134267140570262559153255
831562065875731151241552575065162262562831351352431272952762741842955741862531842252151252
253151262146556571571560556265560577560147564569562251564269142137560559563556269138260556
259560141134559152563556259259548148576573138267262146248258252267255134153158142252567137
765952652165375065365575065041075575041965652135151148268562255267255556559250151138134575
875611762652451375352041965465775241541085765762965842731965451942431475375655575475955065
261266252134574253148156567152138134259564577142261140249265142261140253570265142574569575
255256260148139253570578567135138248152153272262576567259529573576142267152556142137562256
155138269570256137256267267255252250151560248575576573560255560265249138577252573580568560
262552831755541651075165952952431141662762431567251136134261267556134564265152141556259145
562573252134575135138254564261569256569562228248147139142151260134260252147575146248251560
256575108262148559139151268564153139576145253570573267141221256265152153136265560138263138
267141556256265248135576261137556147267567580153563138567256561138142260556140560139567580
762252962075865251431065662152965431765831731431641351252245851765762965431731741451942431
351162675041965465741252775252351741251011365570153255252272564138145251564147254234256157
575255142267266138567561270248153138265574255142260570269138151248260142251574153253142573
146248146138569575259252574152138573136265138556267576151560153563256147562148156261137142
245251241251272655955531375831552662465365152652262551252352652765731065252475065731241551
560575575141252265252120564271267563580262268255248577138267262562138575563252265135145252
545655831151085831141121955075452152252475251262142251560269138569142569254563138573249223
252573135136265252556267560137248569137266267134573266145142140255575574564140569266530256
065141762655041065151085065365351731965652665575141265675262151942065162835841575162831962
151256261562134567266570563248269560249560255148259559575270148248146248144252266560134268
261575148141138146262155252251145252266152138573260262577252153563134135570577560248557262
251662662831741831852465535065665655411065551563134145145145142254141267145142254563575266
421762465151465941662141351375862262931065955465551241955562431065941362201831041655865465
138265560561262576573153255253564265568134146560261267140151248266266220155252147142261140
253148265260559570568142261256570569253560568248567252556249576261251556147153567580148263
560261248567567142260248140138139142266255138155138261256261562152263564573256153156556574
765862145351451841552762652875252775075531431560268571262569266248272256261254270138151252
564152122574570576151568134566138253259580578255248567138266560577252573272145248261137146
134569526151560248575154265138567256562141267253262270567557259138574266138137259556569251
251556158269560265272267141256569140272564138259251564147140263145134250560137148260142261
265252942965875841731841841452065665842641265741241375942365762065941831065562631741262241
552731465075551831852431062452162465741162652134269252142152137248151144261138152574535560
575578141564250255574138556152154147267262556567259564562151134266574135560134574575256153
561564567567253570265145560267568262573569142261562103265148154140255153568556272152252556
862562352765072262352252141151831575431065375452065375831141762475655065251831151252875662
142267250151138556267252251265138149259138147564266141567252575578255556567560152268149148
075411252662075552875075475952431252741841741269142261140570253255134153255142567564258560
569138152152253262151139265154142575561268145266560267139570573253564265146134146138147575
065365121965072075562831575931425152952841141065301651655662831562252421065151085065365762
151252152268557559268138238560573560266255556259259538269252151137265272270141142250141262
147138574560556266139148156567578141556567252574253256574563156138573138558151252138149252
085431865065665431641731541841552831531141762142153574252259561224153266138575147564140563
651351741841651762252245265162652151831552351431041265965465375431252755851151831551831575
564147562560251156556266146154145153256571567158153270570139256259259266256271267255564267
266252259253253265268142267253154259152138248152148569266146556567252260576259575142149259
158561148154573153141267141142147140561564573266575558556567145252137259556147559139564152
251431575241151465362475831952762351842855141141252137567556569251251142577564137138137152
252138559270560265560558265560134153138137567560267114148269142261562253262578567567142577
142569562266563252559270255134259252152562265138556153560151120560134266580570154151138558
573138252149252575563248142573574560556266266556578270255256558563259564566560569560266266
765941375065475662252765151241842252562831365762085541175241575541451865475575552452465541
152965652842831662375655252362362431831631842556580574556253573576142267574252134568556567
560140564577138569137570560574569575140265134574152250265138248267154151252263259248136560
561265154564153253268567137134580575570254252153141138265149145556558560142575253138146248
265351965655855252541431062831931351552041862262562755252152465962652731841575252712252541
564577560147575255252580265138249252255570145137558151252248267560251139567580546563134145
762251251655562452562841931151065775841475831255560146571259134136560267255560158265138270
141252573138256569158570576577148256137260248158108573134266266253142253267563272138556265
831962252152655062662662065741831665241765765541431152065731241551652152375065731741451662
573580255564146148268151562573134152574140148137134142265140148251531142266238138265252563
134269560152248156154152139148268265267255148569560576574568556261575563560158573252557573
365762655452831151831552345065965262041162652560265252559567564577564569140145564155142569
662375831152965862251151842831272085151731075351251662831965852562842731731431552662241041
564579153255543255256261140256266559142155564251560556261251158148576525573262154562255153
152138558570569251556139267560573561570268151575141251262146142569142148569575563560580265
252575270148580148154259567578564147562138251142266153573560138580570154151560527262146256
301731375465552351041162652141575965262241965265148576254255267578563248259560266568134259
138135252134573142569254134567574148145142566138569138574574256575574138145139139142265568
134568560147267139564151152575158262576265560139262265575563134135148577138137256155256251
138266138252137250573560252149252575141253564145145563256152562265138556575228134569120256
151675841165165765252475762241765952675262272351251431065755831852842641955162655251965041
662762652251422375252365575831452262762141762252145253266252560137524135154147251556147575
145158580252556151152152252136262261137153148254560267255560265561570573580148154265560564
575254248575255560573138559267141252272265252532267580560556151574148569252568248272562573
252552575375451262065775075942655365762252941252252375052662241762652562465941662965831831
260140573556266266272262268574154135251154138141138573249124255560151252564147139148270259
365351662085431152252775465265152151465141575138146543255252272573138135138255148145559529
262156567262269138151
